# vtk DataFile Version 2.0
Grid potential at time 10
ASCII
FIELD fieldarrays 1
potential 1 121 double
 1.590990257669732e+000 1.488707490168173e+000 1.395080637543167e+000 1.311964157940392e+000 1.241470894231733e+000 1.185854122563142e+000 1.147279376531062e+000 1.127497230756873e+000 1.127497230756873e+000 1.147279376531062e+000 1.185854122563142e+000
 1.488707490168173e+000 1.378858216991740e+000 1.277203968256703e+000 1.185854098531122e+000 1.107361717103927e+000 1.044629116616429e+000 1.000624784370407e+000 9.778803590660972e-001 9.778803590660972e-001 1.000624784370407e+000 1.044629116616429e+000
 1.395080637543167e+000 1.277203968256703e+000 1.166726176313748e+000 1.065950250700327e+000 9.778803436373940e-001 9.062284398802819e-001 8.551315413790750e-001 8.284020706228759e-001 8.284020706228759e-001 8.551315413790750e-001 9.062284398802819e-001
 1.311964157940392e+000 1.185854098531122e+000 1.065950250700327e+000 9.545941040256224e-001 8.551315296168061e-001 7.721722293117257e-001 7.115124169919618e-001 6.791538537655947e-001 6.791538537655947e-001 7.115124169919618e-001 7.721722293117257e-001
 1.241470894231733e+000 1.107361717103927e+000 9.778803436373940e-001 8.551315296168061e-001 7.424620949577666e-001 6.451743804775092e-001 5.711829383289040e-001 5.303300732458570e-001 5.303300732458570e-001 5.711829383289040e-001 6.451743804775092e-001
 1.185854122563142e+000 1.044629116616429e+000 9.062284398802819e-001 7.721722293117257e-001 6.451743804775092e-001 5.303300858899107e-001 4.373213553138043e-001 3.824264705331188e-001 3.824264705331188e-001 4.373213553138043e-001 5.303300858899107e-001
 1.147279376531062e+000 1.000624784370407e+000 8.551315413790750e-001 7.115124169919618e-001 5.711829383289040e-001 4.373213553138043e-001 3.181979503815281e-001 2.371707679667143e-001 2.371707679667143e-001 3.181979503815281e-001 4.373213553138043e-001
 1.127497230756873e+000 9.778803590660972e-001 8.284020706228759e-001 6.791538537655946e-001 5.303300732458570e-001 3.824264705331188e-001 2.371707679667142e-001 1.060660677541913e-001 1.060660677541913e-001 2.371707679667143e-001 3.824264705331188e-001
 1.127497230756873e+000 9.778803590660972e-001 8.284020706228759e-001 6.791538537655947e-001 5.303300732458570e-001 3.824264705331188e-001 2.371707679667143e-001 1.060660677541913e-001 1.060660677541913e-001 2.371707679667143e-001 3.824264705331188e-001
 1.147279376531062e+000 1.000624784370407e+000 8.551315413790750e-001 7.115124169919618e-001 5.711829383289040e-001 4.373213553138043e-001 3.181979503815281e-001 2.371707679667143e-001 2.371707679667144e-001 3.181979503815281e-001 4.373213553138043e-001
 1.185854122563142e+000 1.044629116616429e+000 9.062284398802819e-001 7.721722293117257e-001 6.451743804775092e-001 5.303300858899107e-001 4.373213553138043e-001 3.824264705331188e-001 3.824264705331188e-001 4.373213553138043e-001 5.303300858899107e-001
